index of image [predicted class 0:air 1:car 2:face 3:motor] ____ index of image ((distances of 5 nearest neighbors), (indices of the 5 nearest neighbors))
0   [0] _____ 0  (array([[0.04422298, 0.04476683, 0.0454985 , 0.04681309, 0.04708237]]), array([[49, 12, 19, 91, 78]], dtype=int64))
1   [0] _____ 1  (array([[0.07889615, 0.08005078, 0.08030909, 0.08205712, 0.08215446]]), array([[277,  60,  12,  92,  88]], dtype=int64))
2   [0] _____ 2  (array([[0.02639358, 0.03096482, 0.03507441, 0.03522663, 0.05244869]]), array([[29,  6, 61, 52, 47]], dtype=int64))
3   [0] _____ 3  (array([[0.02965678, 0.04216141, 0.04230457, 0.04369696, 0.04582423]]), array([[  1,  23, 353,  73, 368]], dtype=int64))
4   [0] _____ 4  (array([[0.04450773, 0.0450325 , 0.04525984, 0.04740309, 0.04844704]]), array([[99, 65, 97, 71,  7]], dtype=int64))
5   [0] _____ 5  (array([[0.04581985, 0.04629639, 0.04765043, 0.04851662, 0.04866894]]), array([[54, 18, 87, 97,  7]], dtype=int64))
6   [0] _____ 6  (array([[0.04247743, 0.04487106, 0.0451726 , 0.04617964, 0.04746037]]), array([[18, 65, 99, 87,  7]], dtype=int64))
7   [0] _____ 7  (array([[0.05439227, 0.05524875, 0.05621429, 0.05625007, 0.05643372]]), array([[ 60, 305,  13,  34,  87]], dtype=int64))
8   [3] _____ 8  (array([[0.07650088, 0.07675296, 0.08213183, 0.08224233, 0.0823857 ]]), array([[185, 336, 371, 325,  11]], dtype=int64))
9   [0] _____ 9  (array([[0.03799209, 0.04024486, 0.04026864, 0.04377157, 0.04805643]]), array([[29,  6, 61, 52, 47]], dtype=int64))
10  [0] ____ 10  (array([[0.04229922, 0.04294791, 0.04320343, 0.04374467, 0.04512508]]), array([[63, 13, 76, 87, 95]], dtype=int64))
11  [0] ____ 11  (array([[0.04863428, 0.04934611, 0.05041357, 0.05062249, 0.05081104]]), array([[13, 87, 56, 88, 63]], dtype=int64))
12  [0] ____ 12  (array([[0.03098603, 0.03383617, 0.03651355, 0.03877531, 0.04091117]]), array([[25, 49, 19, 91, 78]], dtype=int64))
13  [3] ____ 13  (array([[0.06473829, 0.07139106, 0.07238698, 0.07673091, 0.07743559]]), array([[ 11, 336, 371, 374, 193]], dtype=int64))
14  [0] ____ 14  (array([[0.03544461, 0.03879027, 0.03930787, 0.03999798, 0.04340123]]), array([[87, 13, 95, 63, 96]], dtype=int64))
15  [0] ____ 15  (array([[0.03588222, 0.04244141, 0.04748855, 0.04783462, 0.04791815]]), array([[12, 20, 60, 87, 48]], dtype=int64))
16  [0] ____ 16  (array([[0.05431531, 0.05608088, 0.05630326, 0.05780198, 0.05847883]]), array([[18, 20, 87, 24, 96]], dtype=int64))
17  [0] ____ 17  (array([[0.0463308 , 0.04693104, 0.04729939, 0.05083601, 0.05338087]]), array([[ 77,  25,  49, 294,  78]], dtype=int64))
18  [0] ____ 18  (array([[0.03844627, 0.04517504, 0.04647013, 0.04784615, 0.04838903]]), array([[85, 10, 47,  1, 23]], dtype=int64))
19  [0] ____ 19  (array([[0.03927093, 0.0431996 , 0.04381966, 0.04982531, 0.05140519]]), array([[ 49,  77,  25, 294,  89]], dtype=int64))
20  [0] ____ 20  (array([[0.0420556 , 0.05156009, 0.05526045, 0.05668549, 0.05825546]]), array([[22,  3, 54, 18, 72]], dtype=int64))
21  [0] ____ 21  (array([[0.04726191, 0.04886779, 0.05005895, 0.05436856, 0.05825966]]), array([[88, 34, 69, 56, 13]], dtype=int64))
22  [0] ____ 22  (array([[0.04608482, 0.0487865 , 0.04993141, 0.05037971, 0.05090816]]), array([[56, 16, 51, 92, 39]], dtype=int64))
23  [0] ____ 23  (array([[0.04081756, 0.04476   , 0.04481577, 0.04501282, 0.04587426]]), array([[87, 69, 13, 60, 95]], dtype=int64))
24  [0] ____ 24  (array([[0.02654586, 0.03455143, 0.03511708, 0.03561429, 0.03710546]]), array([[19, 49, 91, 25, 78]], dtype=int64))
25  [0] ____ 25  (array([[0.04630795, 0.04679407, 0.04679853, 0.04895533, 0.0491099 ]]), array([[56, 96, 32, 95, 92]], dtype=int64))
26  [0] ____ 26  (array([[0.04560389, 0.04586577, 0.04856407, 0.0487705 , 0.04982047]]), array([[ 0, 63, 54, 87, 97]], dtype=int64))
27  [0] ____ 27  (array([[0.04648886, 0.04869215, 0.04898678, 0.05048197, 0.05108804]]), array([[63, 87, 80, 13,  0]], dtype=int64))
28  [0] ____ 28  (array([[0.03790645, 0.04373371, 0.04397104, 0.04576357, 0.04607847]]), array([[95, 63, 13, 87, 39]], dtype=int64))
29  [0] ____ 29  (array([[0.04026662, 0.04293565, 0.04308017, 0.04348697, 0.04519894]]), array([[87, 95, 13, 96, 56]], dtype=int64))
30  [0] ____ 30  (array([[0.04273069, 0.04655094, 0.04701865, 0.04823675, 0.04828615]]), array([[ 77,  25, 321,  98,  49]], dtype=int64))
31  [0] ____ 31  (array([[0.04029006, 0.04031026, 0.04088784, 0.04487487, 0.04710022]]), array([[13, 87, 63,  0, 80]], dtype=int64))
32  [0] ____ 32  (array([[0.04055302, 0.04192421, 0.04333303, 0.04370356, 0.04430827]]), array([[96, 13, 56, 63, 92]], dtype=int64))
33  [0] ____ 33  (array([[0.04799387, 0.04864976, 0.04891004, 0.05082927, 0.05101552]]), array([[56, 51, 44, 80, 13]], dtype=int64))
34  [0] ____ 34  (array([[0.03102129, 0.03649013, 0.03843047, 0.04278256, 0.04340088]]), array([[25, 49, 78, 19, 91]], dtype=int64))
35  [0] ____ 35  (array([[0.03632461, 0.04208895, 0.04727895, 0.04764187, 0.04804482]]), array([[ 33,  47, 145,  57,  59]], dtype=int64))
36  [0] ____ 36  (array([[0.04478092, 0.04731132, 0.04769519, 0.04925531, 0.0502344 ]]), array([[54, 87,  3,  0, 18]], dtype=int64))
37  [0] ____ 37  (array([[0.04147853, 0.04244923, 0.04346078, 0.04430046, 0.04456349]]), array([[ 77,  98,  66, 321,  91]], dtype=int64))
38  [0] ____ 38  (array([[0.059781  , 0.06508133, 0.06561595, 0.06600199, 0.06600518]]), array([[ 28,   9,  79, 222, 291]], dtype=int64))
39  [0] ____ 39  (array([[0.07291692, 0.07568357, 0.07837923, 0.07964898, 0.07988046]]), array([[80,  9, 17, 13,  0]], dtype=int64))
40  [0] ____ 40  (array([[0.06305916, 0.0645129 , 0.06650087, 0.06744453, 0.07023645]]), array([[ 27,  45,   9,  79, 238]], dtype=int64))
41  [0] ____ 41  (array([[0.04017684, 0.04053723, 0.04084644, 0.04129991, 0.0429265 ]]), array([[87, 18, 54, 76, 86]], dtype=int64))
42  [0] ____ 42  (array([[0.05006061, 0.05087031, 0.05148983, 0.05343594, 0.0546553 ]]), array([[ 0, 13, 63, 15, 87]], dtype=int64))
43  [0] ____ 43  (array([[0.05243848, 0.05251819, 0.05585351, 0.05628891, 0.05672303]]), array([[13,  0, 87, 63, 15]], dtype=int64))
44  [0] ____ 44  (array([[0.04481693, 0.04594459, 0.04596083, 0.04693899, 0.0470493 ]]), array([[ 7, 97, 54, 18, 87]], dtype=int64))
45  [0] ____ 45  (array([[0.03682495, 0.03918988, 0.04005652, 0.04046246, 0.04587113]]), array([[ 6, 47, 52, 29, 33]], dtype=int64))
46  [0] ____ 46  (array([[0.04848983, 0.0495684 , 0.05096394, 0.05106225, 0.05149208]]), array([[ 87, 303,  20,   7,  60]], dtype=int64))
47  [0] ____ 47  (array([[0.04679846, 0.04686437, 0.04729836, 0.04904472, 0.05044627]]), array([[56, 13, 69, 88, 41]], dtype=int64))
48  [3] ____ 48  (array([[0.05076863, 0.05915065, 0.06501099, 0.0653724 , 0.06573788]]), array([[327, 383, 340, 321,  83]], dtype=int64))
49  [3] ____ 49  (array([[0.09751686, 0.10698904, 0.11279816, 0.11629118, 0.12161498]]), array([[362,  11, 378, 336, 371]], dtype=int64))
50  [1] ____ 50  (array([[0.04328759, 0.0437334 , 0.04626196, 0.04773703, 0.04783099]]), array([[150, 183, 194, 177, 125]], dtype=int64))
51  [1] ____ 51  (array([[0.01373916, 0.01549038, 0.01555402, 0.01557133, 0.01712584]]), array([[170, 118, 123, 162, 138]], dtype=int64))
52  [1] ____ 52  (array([[0.05709849, 0.06057301, 0.06091282, 0.06100707, 0.06209323]]), array([[111, 163, 129, 149, 155]], dtype=int64))
53  [1] ____ 53  (array([[0.04209275, 0.045921  , 0.04643247, 0.04711024, 0.04978678]]), array([[126, 194, 183, 150, 141]], dtype=int64))
54  [1] ____ 54  (array([[0.04682851, 0.04864709, 0.04878648, 0.04919501, 0.04945197]]), array([[175, 155, 100, 197, 148]], dtype=int64))
55  [1] ____ 55  (array([[0.04205006, 0.04227371, 0.04318997, 0.04362237, 0.04405052]]), array([[148, 100, 172, 189, 178]], dtype=int64))
56  [1] ____ 56  (array([[0.01625418, 0.0200712 , 0.03100104, 0.03319179, 0.04387485]]), array([[141, 153, 178, 113, 125]], dtype=int64))
57  [1] ____ 57  (array([[0.03804982, 0.0395229 , 0.04295272, 0.04398805, 0.04401384]]), array([[112, 198, 278, 165, 168]], dtype=int64))
58  [1] ____ 58  (array([[0.03912736, 0.04196669, 0.04281198, 0.04336221, 0.04336842]]), array([[154, 122, 127, 184, 117]], dtype=int64))
59  [1] ____ 59  (array([[0.01992301, 0.01996803, 0.03262418, 0.03495755, 0.04430665]]), array([[153, 141, 178, 113, 183]], dtype=int64))
60  [1] ____ 60  (array([[0.03466346, 0.04130671, 0.0418016 , 0.04280568, 0.04644407]]), array([[135, 127, 173, 196, 179]], dtype=int64))
61  [1] ____ 61  (array([[0.03728699, 0.04405664, 0.04624837, 0.04659272, 0.04662355]]), array([[122, 100, 154, 178, 153]], dtype=int64))
62  [1] ____ 62  (array([[0.04337877, 0.04500247, 0.04508215, 0.04527106, 0.04559522]]), array([[101, 117, 175, 100, 148]], dtype=int64))
63  [1] ____ 63  (array([[0.02998501, 0.03023851, 0.03049873, 0.03983475, 0.04084981]]), array([[109, 166, 106, 100, 125]], dtype=int64))
64  [1] ____ 64  (array([[0.04272422, 0.04458228, 0.04494199, 0.04499484, 0.04500616]]), array([[112, 368, 198, 168, 361]], dtype=int64))
65  [1] ____ 65  (array([[0.03759161, 0.03866328, 0.04302958, 0.04326891, 0.04411775]]), array([[100, 195, 148, 160, 106]], dtype=int64))
66  [1] ____ 66  (array([[0.0410382 , 0.04535988, 0.04858976, 0.04937679, 0.05054454]]), array([[145, 168, 190, 187, 198]], dtype=int64))
67  [1] ____ 67  (array([[0.0397805 , 0.04207091, 0.04419237, 0.04599809, 0.04676732]]), array([[198, 168, 133, 155, 187]], dtype=int64))
68  [1] ____ 68  (array([[0.04032543, 0.04176721, 0.042456  , 0.04503638, 0.04541366]]), array([[126, 150, 183, 125, 194]], dtype=int64))
69  [1] ____ 69  (array([[0.05178609, 0.0523775 , 0.05248666, 0.05270715, 0.05306623]]), array([[135, 173, 198, 165, 196]], dtype=int64))
70  [1] ____ 70  (array([[0.0320297 , 0.03582784, 0.03626135, 0.04258484, 0.04570931]]), array([[196, 173, 135, 127, 124]], dtype=int64))
71  [1] ____ 71  (array([[0.04701012, 0.04835783, 0.04908792, 0.04920987, 0.0498244 ]]), array([[107, 168, 155, 175, 197]], dtype=int64))
72  [1] ____ 72  (array([[0.03651062, 0.0415084 , 0.04172849, 0.04216736, 0.04231193]]), array([[177, 130, 100, 132, 125]], dtype=int64))
73  [1] ____ 73  (array([[0.01938846, 0.01951312, 0.01989143, 0.01997703, 0.02240525]]), array([[157, 156, 158, 161, 116]], dtype=int64))
74  [1] ____ 74  (array([[0.04586064, 0.0472021 , 0.04724266, 0.04782612, 0.04801806]]), array([[185, 163, 155, 129, 374]], dtype=int64))
75  [1] ____ 75  (array([[0.02375159, 0.02506147, 0.0313725 , 0.03323775, 0.04346563]]), array([[141, 153, 178, 113, 125]], dtype=int64))
76  [1] ____ 76  (array([[0.03558136, 0.03761788, 0.04186171, 0.04369436, 0.04430665]]), array([[148, 101, 100, 117, 172]], dtype=int64))
77  [1] ____ 77  (array([[0.04052315, 0.04054752, 0.04362855, 0.04477841, 0.04528296]]), array([[148, 117, 160, 100, 101]], dtype=int64))
78  [1] ____ 78  (array([[0.04517773, 0.04700146, 0.04739826, 0.04749563, 0.04790416]]), array([[101, 117, 155, 100, 148]], dtype=int64))
79  [1] ____ 79  (array([[0.04188959, 0.04210555, 0.04250674, 0.0433767 , 0.04567983]]), array([[148, 100, 172, 160, 101]], dtype=int64))
80  [1] ____ 80  (array([[0.04059331, 0.04471335, 0.04556384, 0.04666407, 0.04705461]]), array([[175, 129, 396, 149, 111]], dtype=int64))
81  [1] ____ 81  (array([[0.03756533, 0.0395156 , 0.04134148, 0.0426017 , 0.04299617]]), array([[101, 189, 148, 182, 125]], dtype=int64))
82  [3] ____ 82  (array([[0.04476488, 0.04623276, 0.0462738 , 0.04671952, 0.04707653]]), array([[149, 305, 113, 368, 396]], dtype=int64))
83  [1] ____ 83  (array([[0.03152669, 0.04068901, 0.04183166, 0.04242215, 0.04283714]]), array([[100, 172, 106, 141, 153]], dtype=int64))
84  [1] ____ 84  (array([[0.01503139, 0.01826761, 0.02875274, 0.04012003, 0.04045439]]), array([[109, 166, 106, 150, 183]], dtype=int64))
85  [1] ____ 85  (array([[0.05191254, 0.0519417 , 0.05312871, 0.05419215, 0.05453355]]), array([[149, 305, 111, 105, 353]], dtype=int64))
86  [1] ____ 86  (array([[0.02527911, 0.02597643, 0.02648652, 0.02723211, 0.02750119]]), array([[158, 156, 157, 116, 161]], dtype=int64))
87  [1] ____ 87  (array([[0.03464791, 0.03771563, 0.03793405, 0.03949514, 0.04047214]]), array([[182, 125, 152, 172, 106]], dtype=int64))
88  [1] ____ 88  (array([[0.03120891, 0.03297464, 0.04319829, 0.04445032, 0.04529882]]), array([[173, 196, 124, 127, 151]], dtype=int64))
89  [1] ____ 89  (array([[0.04244438, 0.04339385, 0.04711261, 0.04751812, 0.04797568]]), array([[163, 185, 129, 155, 197]], dtype=int64))
90  [1] ____ 90  (array([[0.04235572, 0.04419317, 0.04457592, 0.04468672, 0.04484562]]), array([[168, 198, 175, 361, 155]], dtype=int64))
91  [1] ____ 91  (array([[0.04640345, 0.0474805 , 0.04859467, 0.04866669, 0.04912218]]), array([[100, 154, 174, 184, 148]], dtype=int64))
92  [1] ____ 92  (array([[0.04125197, 0.04237572, 0.04259993, 0.04335051, 0.04358143]]), array([[129, 361, 325, 111, 112]], dtype=int64))
93  [1] ____ 93  (array([[0.0406832 , 0.04162427, 0.04167621, 0.04224673, 0.04274331]]), array([[168, 155, 129, 133, 112]], dtype=int64))
94  [1] ____ 94  (array([[0.04478468, 0.04728618, 0.05190707, 0.05198422, 0.05561896]]), array([[145, 198, 147, 168, 399]], dtype=int64))
95  [1] ____ 95  (array([[0.0161711 , 0.01679759, 0.01681896, 0.01701009, 0.0171206 ]]), array([[128, 119, 142, 115, 121]], dtype=int64))
96  [1] ____ 96  (array([[0.03667015, 0.04524328, 0.04544133, 0.04595619, 0.04604014]]), array([[194, 106, 166, 184, 100]], dtype=int64))
97  [1] ____ 97  (array([[0.02401106, 0.04512403, 0.04568966, 0.04625225, 0.04678698]]), array([[140, 104, 173, 169, 151]], dtype=int64))
98  [1] ____ 98  (array([[0.04595575, 0.04654065, 0.04887476, 0.04893449, 0.04959703]]), array([[175, 101, 117, 168, 100]], dtype=int64))
99  [1] ____ 99  (array([[0.04037217, 0.04438967, 0.04569359, 0.04606159, 0.04618425]]), array([[126, 194, 125, 183, 150]], dtype=int64))
100 [2] ___ 100  (array([[0.04760537, 0.0478654 , 0.04797494, 0.04822196, 0.04837616]]), array([[272, 285, 287, 203, 228]], dtype=int64))
101 [2] ___ 101  (array([[0.05801661, 0.0595038 , 0.0682315 , 0.06893118, 0.06938401]]), array([[255, 243, 295, 219, 211]], dtype=int64))
102 [2] ___ 102  (array([[0.04460853, 0.04598344, 0.04756065, 0.04798825, 0.0484399 ]]), array([[251, 230, 287, 227, 264]], dtype=int64))
103 [2] ___ 103  (array([[0.03382499, 0.05533071, 0.0563545 , 0.05687756, 0.05696106]]), array([[293, 208, 253, 212, 230]], dtype=int64))
104 [2] ___ 104  (array([[0.03452959, 0.03865827, 0.04990262, 0.05218782, 0.05342162]]), array([[296, 286, 399, 268, 278]], dtype=int64))
105 [2] ___ 105  (array([[0.04058457, 0.04090229, 0.04100102, 0.04141928, 0.04156117]]), array([[287, 259, 291, 228, 282]], dtype=int64))
106 [2] ___ 106  (array([[0.04137301, 0.041666  , 0.04205573, 0.0420824 , 0.04283779]]), array([[259, 287, 229, 351, 207]], dtype=int64))
107 [2] ___ 107  (array([[0.04249783, 0.04426854, 0.04443008, 0.04454408, 0.04489225]]), array([[203, 210, 256, 281, 288]], dtype=int64))
108 [2] ___ 108  (array([[0.04520872, 0.04737385, 0.04766493, 0.04768799, 0.04861238]]), array([[248, 253, 240, 282, 230]], dtype=int64))
109 [2] ___ 109  (array([[0.04029604, 0.04099237, 0.04271841, 0.04291885, 0.04462363]]), array([[227, 287, 282, 248, 228]], dtype=int64))
110 [2] ___ 110  (array([[0.03862431, 0.03905804, 0.03951932, 0.03976713, 0.04130695]]), array([[229, 287, 271, 282, 259]], dtype=int64))
111 [2] ___ 111  (array([[0.03416821, 0.03672365, 0.03673716, 0.03904805, 0.0391025 ]]), array([[226, 287, 282, 259, 291]], dtype=int64))
112 [2] ___ 112  (array([[0.04341673, 0.04828663, 0.04894393, 0.05106531, 0.05312804]]), array([[239, 231, 245, 289, 263]], dtype=int64))
113 [2] ___ 113  (array([[0.0358083 , 0.03585877, 0.03619838, 0.03876638, 0.03960806]]), array([[280, 229, 265, 271, 233]], dtype=int64))
114 [2] ___ 114  (array([[0.04972679, 0.05157669, 0.05277305, 0.05825879, 0.05889814]]), array([[261, 241, 256, 288, 206]], dtype=int64))
115 [2] ___ 115  (array([[0.05078814, 0.05391132, 0.05613759, 0.064653  , 0.06683032]]), array([[225, 243, 255, 232, 266]], dtype=int64))
116 [2] ___ 116  (array([[0.04820504, 0.05013096, 0.05192552, 0.05448065, 0.05791075]]), array([[219, 243, 266, 211, 242]], dtype=int64))
117 [2] ___ 117  (array([[0.03871877, 0.04384106, 0.04587688, 0.0467658 , 0.04702671]]), array([[233, 249, 259, 208, 205]], dtype=int64))
118 [2] ___ 118  (array([[0.03606686, 0.03834786, 0.03850844, 0.03953008, 0.03975375]]), array([[299, 236, 250, 229, 271]], dtype=int64))
119 [2] ___ 119  (array([[0.03520197, 0.03659691, 0.03885319, 0.03930876, 0.03977783]]), array([[228, 287, 229, 230, 233]], dtype=int64))
120 [2] ___ 120  (array([[0.04757257, 0.04909876, 0.04931283, 0.04944642, 0.05109933]]), array([[253, 240, 233, 227, 205]], dtype=int64))
121 [2] ___ 121  (array([[0.03706873, 0.03710029, 0.03877644, 0.0425337 , 0.04261617]]), array([[229, 282, 287, 259, 280]], dtype=int64))
122 [2] ___ 122  (array([[0.03444114, 0.03520902, 0.03833398, 0.0388331 , 0.03887874]]), array([[207, 282, 287, 205, 229]], dtype=int64))
123 [2] ___ 123  (array([[0.02661437, 0.02966326, 0.04869839, 0.04875662, 0.04941413]]), array([[263, 277, 245, 282, 250]], dtype=int64))
124 [2] ___ 124  (array([[0.05047854, 0.05542485, 0.05608639, 0.05775683, 0.05890054]]), array([[253, 293, 210, 211, 281]], dtype=int64))
125 [2] ___ 125  (array([[0.04520009, 0.04602892, 0.04612667, 0.04767088, 0.04838569]]), array([[265, 286, 268, 296, 278]], dtype=int64))
126 [2] ___ 126  (array([[0.03372313, 0.03888695, 0.04016292, 0.04111245, 0.04135243]]), array([[205, 228, 285, 230, 207]], dtype=int64))
127 [2] ___ 127  (array([[0.03689227, 0.03935654, 0.03964655, 0.0424377 , 0.04247445]]), array([[236, 229, 233, 287, 298]], dtype=int64))
128 [2] ___ 128  (array([[0.03907891, 0.03946094, 0.0430871 , 0.04411169, 0.04515692]]), array([[265, 271, 229, 317, 299]], dtype=int64))
129 [2] ___ 129  (array([[0.04087974, 0.04171534, 0.04228197, 0.04327682, 0.04351138]]), array([[280, 282, 202, 228, 233]], dtype=int64))
130 [2] ___ 130  (array([[0.06678626, 0.06925165, 0.07198409, 0.0729304 , 0.0734975 ]]), array([[296, 330, 145, 312, 286]], dtype=int64))
131 [2] ___ 131  (array([[0.04079724, 0.04445402, 0.04487171, 0.04545517, 0.04632539]]), array([[236, 280, 233, 265, 249]], dtype=int64))
132 [2] ___ 132  (array([[0.03885045, 0.04132069, 0.04140986, 0.04166204, 0.04171109]]), array([[234, 250, 271, 351, 233]], dtype=int64))
133 [2] ___ 133  (array([[0.05571715, 0.05838041, 0.06552265, 0.06781283, 0.06792175]]), array([[211, 222, 212, 270,  28]], dtype=int64))
134 [2] ___ 134  (array([[0.0545314 , 0.05794443, 0.06718969, 0.07108498, 0.07142302]]), array([[221, 262, 209, 333, 357]], dtype=int64))
135 [2] ___ 135  (array([[0.054697  , 0.05532622, 0.05534673, 0.05535186, 0.05539605]]), array([[228, 250, 288, 249, 229]], dtype=int64))
136 [2] ___ 136  (array([[0.04477755, 0.04556816, 0.04565059, 0.04734615, 0.04770286]]), array([[210, 249, 233, 294, 203]], dtype=int64))
137 [2] ___ 137  (array([[0.04936602, 0.05075111, 0.05077976, 0.05160969, 0.05201764]]), array([[242, 205, 233, 211, 210]], dtype=int64))
138 [2] ___ 138  (array([[0.03941688, 0.0429651 , 0.04354235, 0.04410963, 0.04426293]]), array([[251, 282, 273, 205, 207]], dtype=int64))
139 [2] ___ 139  (array([[0.03565843, 0.03900261, 0.03944656, 0.03949149, 0.03990601]]), array([[229, 271, 287, 298, 233]], dtype=int64))
140 [2] ___ 140  (array([[0.05207352, 0.05295888, 0.05311736, 0.05406045, 0.05471968]]), array([[291, 247, 253, 282, 285]], dtype=int64))
141 [2] ___ 141  (array([[0.03619153, 0.03693838, 0.03789291, 0.03919491, 0.0400931 ]]), array([[287, 259, 282, 240, 207]], dtype=int64))
142 [2] ___ 142  (array([[0.03710889, 0.03849002, 0.03953277, 0.04018411, 0.04115212]]), array([[226, 282, 259, 250, 287]], dtype=int64))
143 [2] ___ 143  (array([[0.02996659, 0.04258703, 0.04398402, 0.04403559, 0.04416346]]), array([[210, 203, 238, 289, 200]], dtype=int64))
144 [2] ___ 144  (array([[0.04303603, 0.04537004, 0.04673621, 0.04701087, 0.04777715]]), array([[250, 259, 245, 282, 217]], dtype=int64))
145 [2] ___ 145  (array([[0.04367085, 0.0442028 , 0.04528162, 0.04553702, 0.04566457]]), array([[203, 291, 247, 285, 233]], dtype=int64))
146 [2] ___ 146  (array([[0.01963994, 0.02640567, 0.05038853, 0.05053261, 0.05156363]]), array([[263, 277, 282, 245, 250]], dtype=int64))
147 [2] ___ 147  (array([[0.03607866, 0.03624049, 0.03893708, 0.03908073, 0.03955161]]), array([[205, 251, 207, 282, 228]], dtype=int64))
148 [2] ___ 148  (array([[0.03845314, 0.03980457, 0.04111332, 0.04156885, 0.04271343]]), array([[229, 282, 207, 287, 205]], dtype=int64))
149 [2] ___ 149  (array([[0.0552242 , 0.05855148, 0.0590731 , 0.05985561, 0.06005496]]), array([[242, 288, 211, 210, 203]], dtype=int64))
150 [2] ___ 150  (array([[0.14380141, 0.15345089, 0.15385176, 0.15539903, 0.15540821]]), array([[366, 147, 296, 290, 286]], dtype=int64))
151 [3] ___ 151  (array([[0.06955558, 0.07077137, 0.07231808, 0.07237888, 0.07346274]]), array([[302, 348, 381, 358, 396]], dtype=int64))
152 [1] ___ 152  (array([[0.06808885, 0.07090564, 0.07469813, 0.07544281, 0.07795024]]), array([[147, 145, 196, 134, 399]], dtype=int64))
153 [3] ___ 153  (array([[0.03075312, 0.03719611, 0.0421548 , 0.04395031, 0.0450106 ]]), array([[354, 385, 383,  98,  66]], dtype=int64))
154 [3] ___ 154  (array([[0.04585451, 0.04927844, 0.05051558, 0.05119273, 0.05126657]]), array([[305,  87, 303,  92, 331]], dtype=int64))
155 [3] ___ 155  (array([[0.02129551, 0.03041944, 0.03229571, 0.05654355, 0.0636849 ]]), array([[373, 346, 377, 347, 345]], dtype=int64))
156 [3] ___ 156  (array([[0.036857  , 0.04327344, 0.04579981, 0.04968618, 0.04977479]]), array([[398, 365, 343, 342, 317]], dtype=int64))
157 [3] ___ 157  (array([[0.06938301, 0.07005521, 0.07103973, 0.08365595, 0.08423594]]), array([[316, 372, 327, 383, 338]], dtype=int64))
158 [3] ___ 158  (array([[0.03689356, 0.03715028, 0.0409665 , 0.04270839, 0.04301404]]), array([[361, 326, 365, 368, 278]], dtype=int64))
159 [3] ___ 159  (array([[0.03558494, 0.05204545, 0.0529392 , 0.05413287, 0.05507634]]), array([[318, 370, 391, 395, 215]], dtype=int64))
160 [3] ___ 160  (array([[0.04046587, 0.04079931, 0.04416848, 0.04505347, 0.04511346]]), array([[354, 303, 385, 338, 370]], dtype=int64))
161 [3] ___ 161  (array([[0.03781453, 0.04151906, 0.04330176, 0.04525411, 0.04731871]]), array([[386, 376, 345, 339, 355]], dtype=int64))
162 [3] ___ 162  (array([[0.05719909, 0.05766496, 0.0612255 , 0.06149132, 0.06187898]]), array([[340,  38, 383, 385, 354]], dtype=int64))
163 [3] ___ 163  (array([[0.0293043 , 0.03075444, 0.03388788, 0.03477826, 0.03579833]]), array([[313, 392, 369, 394, 322]], dtype=int64))
164 [3] ___ 164  (array([[0.04686343, 0.04967946, 0.05153128, 0.0524041 , 0.05281221]]), array([[326, 312,  33, 399, 187]], dtype=int64))
165 [3] ___ 165  (array([[0.03884325, 0.03992078, 0.04079669, 0.04228312, 0.04230116]]), array([[343, 348, 396, 335, 317]], dtype=int64))
166 [1] ___ 166  (array([[0.05977357, 0.06244128, 0.06422861, 0.06529556, 0.06567013]]), array([[ 58, 145,  61, 198, 135]], dtype=int64))
167 [3] ___ 167  (array([[0.04055826, 0.04352629, 0.04417982, 0.04643165, 0.04678085]]), array([[335, 331,   2,  72, 303]], dtype=int64))
168 [3] ___ 168  (array([[0.04280241, 0.04329543, 0.04568143, 0.04793268, 0.05083049]]), array([[397, 314, 370, 356, 302]], dtype=int64))
169 [2] ___ 169  (array([[0.05460507, 0.05533663, 0.05641584, 0.05681317, 0.05717464]]), array([[265, 287, 229, 271, 317]], dtype=int64))
170 [3] ___ 170  (array([[0.03833057, 0.04627147, 0.06054749, 0.06446505, 0.07559935]]), array([[375, 319, 347, 350, 372]], dtype=int64))
171 [3] ___ 171  (array([[0.03859387, 0.03876001, 0.04240254, 0.04298809, 0.0435996 ]]), array([[307, 361, 368, 317, 298]], dtype=int64))
172 [3] ___ 172  (array([[0.02811955, 0.03819395, 0.03916187, 0.03985625, 0.0419554 ]]), array([[313, 369, 322, 392, 339]], dtype=int64))
173 [3] ___ 173  (array([[0.0418182 , 0.04246971, 0.04449001, 0.04469781, 0.04481045]]), array([[335, 361, 331, 364, 368]], dtype=int64))
174 [3] ___ 174  (array([[0.0328775 , 0.03782848, 0.04068133, 0.04195151, 0.04345533]]), array([[365, 317, 335, 268, 304]], dtype=int64))
175 [3] ___ 175  (array([[0.03563993, 0.04202928, 0.04352385, 0.04675507, 0.05294167]]), array([[338, 383, 340, 327, 354]], dtype=int64))
176 [3] ___ 176  (array([[0.03685767, 0.04090487, 0.04247406, 0.04308591, 0.04480995]]), array([[303, 385, 229, 354, 302]], dtype=int64))
177 [3] ___ 177  (array([[0.02344063, 0.02585992, 0.03069395, 0.03490914, 0.03961371]]), array([[369, 394, 322, 313, 392]], dtype=int64))
178 [3] ___ 178  (array([[0.05111669, 0.05297294, 0.05464253, 0.05538516, 0.05670039]]), array([[361, 278, 364, 268, 353]], dtype=int64))
179 [3] ___ 179  (array([[0.05924415, 0.06721547, 0.07632559, 0.08047513, 0.08357532]]), array([[378, 362,  11, 371, 352]], dtype=int64))
180 [3] ___ 180  (array([[0.04647793, 0.04716516, 0.0478694 , 0.04872847, 0.05264   ]]), array([[363, 344, 337, 397, 389]], dtype=int64))
181 [0] ___ 181  (array([[0.05443671, 0.05698133, 0.05788557, 0.05810897, 0.06051197]]), array([[324,  71,  65,  93,  72]], dtype=int64))
182 [3] ___ 182  (array([[0.03995632, 0.04387038, 0.04415797, 0.04432947, 0.04437841]]), array([[361, 325, 365, 368, 307]], dtype=int64))
183 [3] ___ 183  (array([[0.03731424, 0.0391221 , 0.04187165, 0.04353618, 0.04725404]]), array([[383, 340, 338, 327, 321]], dtype=int64))
184 [3] ___ 184  (array([[0.04898372, 0.0543016 , 0.05722321, 0.07424486, 0.07934458]]), array([[372, 316, 327, 375, 319]], dtype=int64))
185 [3] ___ 185  (array([[0.04754414, 0.04873454, 0.04889678, 0.04974698, 0.05006711]]), array([[361, 129, 364, 328, 144]], dtype=int64))
186 [3] ___ 186  (array([[0.05819714, 0.05909196, 0.06238297, 0.06284368, 0.06383228]]), array([[314, 397, 306, 363, 370]], dtype=int64))
187 [3] ___ 187  (array([[0.02110535, 0.05898851, 0.06296172, 0.06749859, 0.06832307]]), array([[378, 371, 310,  11, 385]], dtype=int64))
188 [3] ___ 188  (array([[0.0263675 , 0.02667918, 0.03668599, 0.04344018, 0.05135988]]), array([[384, 367, 329, 360, 326]], dtype=int64))
189 [1] ___ 189  (array([[0.02049594, 0.07776237, 0.07873442, 0.08556468, 0.08608157]]), array([[309, 192, 134, 161, 116]], dtype=int64))
190 [3] ___ 190  (array([[0.04151372, 0.05422655, 0.05789181, 0.05860637, 0.07870064]]), array([[372, 316, 375, 319, 346]], dtype=int64))
191 [0] ___ 191  (array([[0.060019  , 0.07382182, 0.0860623 , 0.08768354, 0.08962516]]), array([[ 21, 147,  29,  61,   6]], dtype=int64))
192 [3] ___ 192  (array([[0.03684346, 0.04490608, 0.04660595, 0.05437596, 0.05488614]]), array([[392, 394, 369, 313, 359]], dtype=int64))
193 [3] ___ 193  (array([[0.05812775, 0.06013689, 0.06073175, 0.06511736, 0.06536638]]), array([[326, 399,  33, 312, 145]], dtype=int64))
194 [1] ___ 194  (array([[0.0650095 , 0.06511118, 0.06771704, 0.07195253, 0.07459383]]), array([[371,  11, 336, 185, 175]], dtype=int64))
195 [0] ___ 195  (array([[0.04304713, 0.04465694, 0.05014469, 0.05098504, 0.05133644]]), array([[145,  33,  47, 296, 187]], dtype=int64))
196 [3] ___ 196  (array([[0.04685624, 0.04815692, 0.04998754, 0.05010969, 0.0501427 ]]), array([[331, 348, 302, 320, 303]], dtype=int64))
197 [3] ___ 197  (array([[0.07029744, 0.07232831, 0.07580136, 0.07933122, 0.08061686]]), array([[363, 397, 344, 332, 395]], dtype=int64))
198 [3] ___ 198  (array([[0.04343235, 0.04451402, 0.04480314, 0.04509691, 0.0452099 ]]), array([[328, 317, 396, 333, 320]], dtype=int64))
199 [3] ___ 199  (array([[0.03015844, 0.04112537, 0.0425553 , 0.04423383, 0.05654119]]), array([[344, 363, 389, 397, 337]], dtype=int64))